0,.9782917686658024,.021754406595209316,-4.617526101170544e-05
.1,.9763031590010574,.023644369452973123,5.247154596953868e-05
.2,.9724845626104326,.027364319036616597,.0001511183529507828
.3,.966295428746498,.03345480609356996,.00024976515993202687
.4,.9580838326439826,.041567755389104205,.00034841196691327104
.5,.9481871668607211,.05136577436538432,.0004470587738945151
.6,.9368541897843904,.06257840762997201,.0005674025856375573
.7,.9242883910909642,.07500652409338102,.0007050848156548912
.8,.9106404898065593,.08851674314776846,.0008427670456722251
.9,.8960412385157486,.10295746328625349,.0010012981979979445
1,.8807102975392076,.11812433163955717,.0011653708212351747
1.1,.8647839175587361,.13388663899679148,.0013294434444724049
1.2,.8483963929511369,.15009729188952808,.0015063151593350261
1.3,.8316393163850686,.16667472478331585,.0016859588316154635
1.4,.8145791850543734,.18355521244173068,.0018656025038959003
1.5,.7972642773911821,.2006864970990777,.0020492255097401147
1.6,.779848732620089,.2179159834437993,.0022352839361117296
1.7,.7623682679746873,.23521038966282937,.002421342362483344
1.8,.7448622741890978,.2525305001554047,.0026072256554975494
1.9,.7274131932281912,.26979472324988524,.002792083521923519
2,.7100254201983612,.28699763841328924,.0029769413883494887
2.1,.692773541633425,.30406465911179953,.0031617992547754584
2.2,.6756977593407765,.3209581617373754,.0033440789218480535
2.3,.6587117242292009,.33776673542669555,.003521540344103486
2.4,.6420843602368229,.3542166379968182,.0036990017663589185
2.5,.625575974332548,.37054756247883774,.0038764631886143513
2.6,.60938565799874,.38656242478817093,.0040519172130891535
2.7,.5934181299064927,.4023647848663359,.004217085227171388
2.8,.5777291174528811,.41788862930586523,.004382253241253623
2.9,.562356257723184,.4330963210214801,.004547421255335858
3,.5472443728333507,.44804303789723116,.004712589269418093
3.1,.5324667201049154,.46266357581782125,.004869704077263346
3.2,.5179746414300747,.4770064961981469,.005018862371778444
3.3,.5037689369082856,.4910630424254209,.005168020666293542
3.4,.48996467884182493,.5047181421973664,.005317178960808641
3.5,.47628440728611154,.5182492554585647,.0054663372553237395
3.6,.4632088413552472,.5311802899926938,.005610868652058914
3.7,.45011924321796004,.5441393889396686,.0057413678423713635
3.8,.4376332655324656,.5564948674348507,.0058718670326838125
3.9,.4253161581156145,.5686814756613893,.0060023662229962615
4,.41318853721607685,.5806785973706144,.006132865413308711
4.1,.4016769293372252,.5920597060591537,.00626336460362116
4.2,.3901606985911761,.6034500604820877,.006389240926736282
4.3,.3790523689258062,.6144482354475642,.006499395626629612
4.4,.3683528759738215,.6250375736996555,.006609550326522942
4.5,.3576533830218369,.6356269119517468,.006719705026416271
4.6,.347445486215062,.6457246540586284,.0068298597263096
4.7,.33759935802235297,.6554606275514441,.00694001442620293
4.8,.32775322982964405,.6651966010442597,.007050169126096259
4.9,.3182548295643799,.6745888072909626,.007156363144657422
5,.3092555131816801,.6834991033317795,.007245383486540318
5.1,.3002561967989804,.6924093993725964,.007334403828423214
5.2,.2912568804162805,.7013196954134134,.007423424170306111
5.3,.2830969835703713,.7093905719174397,.007512444512189007
5.4,.27497304518715693,.7174254899587712,.007601464854071904
5.5,.2668491068039428,.7254604080001025,.0076904851959548005
5.6,.25889604659473464,.7333244478674277,.007779505537837697
5.7,.2516458634127121,.7404856107075674,.007868525879720593
5.8,.24438007119813243,.7476779916128209,.007941937189046615
5.9,.23710893163470437,.7548810672157716,.008010001149523965
6,.22990251312485677,.7620194217651419,.008078065110001314
6.1,.22349088022654906,.7683629907029723,.008146129070478663
6.2,.21707924732824124,.7747065596408027,.008214193030956012
6.3,.21066761442993354,.7810501285786331,.00828225699143336
6.4,.20425598153162572,.7873936975164636,.00835032095191071
6.5,.19832051917508442,.7932610959125275,.008418384912388058
6.6,.19273679755067874,.7987767535764558,.008486448872865407
6.7,.18715307592627295,.8042924112403843,.008554512833342756
6.8,.18156197405898655,.809822829390074,.00861519655093946
6.9,.17595894604186557,.815377099839433,.008663954118701533
7,.17090649401748392,.8203807942960525,.008712711686463604
7.1,.16607998812278435,.82515854262299,.008761469254225678
7.2,.16125348222808467,.8299362909499276,.00881022682198775
7.3,.1564269763333852,.8347140392768649,.008858984389749823
7.4,.15160047043868552,.8394917876038026,.008907741957511895
7.5,.14714827908088424,.8438952213938418,.008956499525273968
7.6,.14303097634481154,.8479637665621524,.00900525709303604
7.7,.13891367360873907,.8520323117304628,.009054014660798113
7.8,.13479637087266638,.8561008568987735,.009102772228560185
7.9,.1306790681365939,.8601694020670838,.009151529796322258
8,.12661567380621586,.8641840388296999,.00920028736408433
8.1,.12311880899556227,.8676462844473231,.009234906557114696
8.2,.11962023652592557,.8711119453829127,.009267818091161787
8.3,.11612166405628865,.8745776063185025,.00930072962520888
8.4,.11262309158665196,.8780432672540921,.009333641159255973
8.5,.10912451911701515,.8815089281896817,.009366552693303064
8.6,.10585387348885289,.884746662283797,.009399464227350158
8.7,.10291564636926098,.8876519778693417,.009432375761397249
8.8,.0999774192496693,.8905572934548864,.009465287295444342
8.9,.0970391921300775,.8934626090404311,.009498198829491435
9,.0941009650104856,.8963679246259759,.009531110363538526
9.1,.09116273789089391,.8992732402115206,.00956402189758562
9.2,.08846576302398412,.9019373035443831,.00959693343163271
9.3,.08601811205621757,.9043520429781026,.009629844965679804
9.4,.08357046108845134,.9067667824118217,.009662756499726897
9.5,.08111295134542995,.909201239396051,.009685809258518991
9.6,.0786535796993818,.9116394201863337,.009707000114284412
9.7,.07619420805333377,.9140776009766164,.009728190970049832
9.8,.07387210188684268,.9163785162873421,.009749381825815253
9.9,.07183936118928391,.9183900661291354,.009770572681580674
10,.06980662049172537,.9204016159709286,.009791763537346093
10.1,.0677738797941666,.9224131658127219,.009812954393111514
10.2,.06574113909660817,.9244247156545149,.009834145248876935
10.3,.0637083983990494,.9264362654963082,.009855336104642355
10.4,.06167565770149075,.9284478153381014,.009876526960407776
10.5,.059963475636824026,.9301388065470028,.009897717816173197
10.6,.05829938062557405,.9317817107024873,.009918908671938616
10.7,.05663528561432429,.9334246148579717,.009940099527704038
10.8,.05497119060307443,.9350675190134561,.009961290383469459
10.9,.05330709559182456,.9367104231689406,.009982481239234878
11,.05164007548782412,.9383591775099261,.010000747002249784
11.1,.050000283081479635,.9399859792098415,.010013737708678833
11.2,.048644334593502925,.9413289369913892,.010026728415107882
11.3,.0472883861055261,.942671894772937,.01003971912153693
11.4,.04593243761754939,.9440148525544846,.010052709827965979
11.5,.04457648912957268,.9453578103360323,.010065700534395027
11.6,.04322054064159597,.9467007681175799,.010078691240824075
11.7,.04186459215361926,.9480437258991277,.010091681947253123
11.8,.04050864366564255,.9493866836806752,.010104672653682173
11.9,.03941785461039238,.9504644820294964,.010117663360111221
12,.038331277194884494,.9515380687385753,.01013065406654027
12.1,.03724469977937672,.9526116554476539,.010143644772969317
12.2,.03615812236386884,.9536852421567328,.010156635479398365
12.3,.03507154494836073,.9547588288658119,.010169626185827415
12.4,.03398496753285296,.9558324155748906,.010182616892256463
12.5,.03289839011734508,.9569060022839694,.010195607598685512
12.6,.03191926429501346,.957872137399872,.01020859830511456
12.7,.031059701212689528,.9587190622571451,.01022123653016536
12.8,.030194983658626273,.9595762960578967,.010228720283476982
12.9,.02933026610456302,.9604335298586484,.010236204036788604
13,.028465548550499875,.9612907636593999,.010243687790100228
13.1,.02760083099643673,.9621479974601514,.01025117154341185
13.2,.026736113442373366,.9630052312609031,.010258655296723472
13.3,.025871395888310333,.9638624650616545,.010266139050035096
13.4,.02510539729526573,.9646209799013875,.010273622803346719
13.5,.024430692179940428,.9652882012634012,.010281106556658341
13.6,.023755987064615236,.9659554226254149,.010288590309969963
13.7,.023081281949289822,.9666226439874286,.010296074063281587
13.8,.02240657683396452,.9672898653494423,.01030355781659321
13.9,.021731871718639217,.967957086711456,.010311041569904832
14,.021057166603314026,.9686243080734696,.010318525323216456
14.1,.020382461487988612,.9692915294354834,.010326009076528078
14.2,.019718677263255824,.9699478299069044,.0103334928298397
14.3,.0192009846538439,.9704580387630047,.010340976583151324
14.4,.018683292044432087,.9709682476191049,.010348460336462946
14.5,.018165599435020163,.9714784564752054,.010355944089774569
14.6,.01764790682560824,.9719886653313056,.010363427843086193
14.7,.017128794013520965,.9725017145927566,.010369491393722473
14.8,.016607591917686015,.9730189424217032,.010373465660610884
14.9,.016086389821850733,.97353617025065,.010377439927499295
15,.015565187726015672,.9740533980795966,.010381414194387704
15.1,.015051276481407028,.9745633350573168,.010385388461276115
15.2,.014658162612070647,.9749524746597649,.010389362728164526
15.3,.014265048742734487,.9753416142622127,.010393336995052937
15.4,.013871934873398106,.9757307538646606,.010397311261941348
15.5,.013478821004061947,.9761198934671084,.010401285528829757
15.6,.013085707134725455,.9765090330695564,.010405259795718168
15.7,.012692593265389296,.9768981726720042,.01040923406260658
15.8,.012299479396053026,.9772873122744521,.01041320832949499
15.9,.011906365526716645,.9776764518768999,.010417182596383402
16,.011513251657380374,.9780655914793478,.01042115686327181
16.1,.011161617716914485,.9784132511529252,.010425131130160222
16.2,.010871473249084773,.9786994213538667,.010429105397048633
16.3,.01058132878125484,.9789855915548081,.010433079663937044
16.4,.010291184313425017,.9792717617557495,.010437053930825455
16.5,.010001039845594972,.9795579319566912,.010441028197713864
16.6,.009710895377765039,.9798441021576326,.010445002464602275
16.7,.009420750909935327,.9801302723585741,.010448976731490686
16.8,.009130606442105393,.9804164425595155,.010452950998379097
16.9,.00884046197427557,.9807026127604569,.010456925265267508
17,.008549044875479916,.9809913282233299,.010459626901190181
17.1,.008257742726679895,.9812807381168495,.010461519156470657
17.2,.008046905198553445,.9814896833896954,.01046341141175113
17.3,.007836067670427105,.9816986286625413,.010465303667031604
17.4,.007625230142300654,.9819075739353873,.010467195922312078
17.5,.007414392614174092,.9821165192082333,.010469088177592553
17.6,.007203555086047642,.9823254644810794,.010470980432873027
17.7,.006992717557921302,.9825344097539253,.0104728726881535
17.8,.006781880029794851,.9827433550267711,.010474764943433974
17.9,.0065710425016684,.9829523002996171,.01047665719871445
18,.00636020497354195,.9831612455724631,.010478549453994923
18.1,.00614936744541561,.983370190845309,.010480441709275397
18.2,.005938529917289159,.9835791361181551,.010482333964555873
18.3,.00577587270742308,.9837399010727407,.010484226219836346
18.4,.005628114932979766,.9838857665919034,.01048611847511682
18.5,.005480357158536453,.9840316321110663,.010488010730397294
18.6,.00533259938409314,.9841774976302291,.01048990298567777
18.7,.005184841609649826,.984323363149392,.010491795240958243
18.8,.005037083835206513,.9844692286685548,.010493687496238717
18.9,.004889326060763199,.9846150941877176,.01049557975151919
19,.004741568286319886,.9847609597068805,.010497472006799666
19.1,.004593810511876573,.9849068252260432,.01049936426208014
19.2,.00444605273743337,.985052690745206,.010501256517360613
19.3,.004298294962990168,.9851985562643687,.010503148772641087
19.4,.0041505371885468545,.9853444217835315,.010505041027921562
19.5,.004020137558883641,.9854729291579143,.010506933283202036
19.6,.0039063573051832945,.9855848171563343,.01050882553848251
19.7,.0037921820660897776,.9856974951255403,.010510322808369901
19.8,.003677673868215159,.9858108390123087,.010511487119476182
19.9,.00356316567034054,.985924182899077,.010512651430582462
